        1	10	11	12	2	3	4	5	6	7	8	9
  1880	-0.089100	-0.258100	-0.223900	-0.086100	-0.184300	-0.158600	-0.064500	-0.099300	-0.158000	-0.176700	-0.122600	-0.131900
  1881	-0.011200	-0.255300	-0.359100	-0.177600	-0.094900	 0.022200	 0.050900	 0.026000	-0.029300	-0.009900	-0.029400	-0.202000
  1882	 0.052300	-0.252900	-0.137800	-0.198700	-0.035100	-0.005700	-0.150500	-0.117000	-0.201000	-0.176500	-0.088700	-0.111900
  1883	-0.300400	-0.179100	-0.211700	-0.133100	-0.310200	-0.115700	-0.175000	-0.120600	-0.036600	-0.090900	-0.103300	-0.149000
  1884	-0.129700	-0.185100	-0.275000	-0.177100	-0.189300	-0.190400	-0.215800	-0.155600	-0.177200	-0.239900	-0.277900	-0.256400
  1885	-0.402100	-0.094400	 0.012900	 0.095800	-0.259700	-0.121200	-0.259600	-0.244900	-0.257200	-0.187700	-0.192000	-0.145400
  1886	-0.077500	-0.191500	-0.195200	-0.032400	-0.305500	-0.188300	-0.097700	-0.096500	-0.140600	-0.123100	-0.145300	-0.157600
  1887	-0.351500	-0.264800	-0.160800	-0.177400	-0.327000	-0.125500	-0.160600	-0.183200	-0.209000	-0.208200	-0.245200	-0.166200
  1888	-0.350900	 0.044800	-0.056500	 0.073100	-0.346900	-0.248900	-0.138600	-0.188700	-0.171600	-0.105400	-0.160400	-0.047900
  1889	-0.069100	-0.207200	-0.270700	-0.113800	 0.049400	 0.089200	 0.043600	-0.057000	-0.091200	-0.145600	-0.176100	-0.257300
  1890	-0.236500	-0.260000	-0.300700	-0.170900	-0.335200	-0.256300	-0.176400	-0.293900	-0.205000	-0.164100	-0.270600	-0.282000
  1891	-0.280800	-0.231000	-0.325000	-0.035300	-0.435600	-0.180500	-0.177600	-0.135300	-0.186300	-0.147900	-0.158100	-0.101200
  1892	-0.228800	-0.176600	-0.443900	-0.333500	-0.128300	-0.289600	-0.263500	-0.254300	-0.284700	-0.298400	-0.284900	-0.175300
  1893	-0.628000	-0.216000	-0.181400	-0.210300	-0.577800	-0.195100	-0.278700	-0.371800	-0.173500	-0.158200	-0.240100	-0.220400
  1894	-0.409500	-0.170900	-0.248600	-0.165900	-0.196100	-0.173500	-0.378700	-0.276700	-0.295000	-0.206400	-0.213000	-0.244200
  1895	-0.408300	-0.118900	-0.111800	-0.072300	-0.314300	-0.176200	-0.090700	-0.191900	-0.229800	-0.151300	-0.151800	-0.077200
  1896	-0.077000	 0.041900	-0.088200	 0.070600	-0.039500	-0.165400	-0.251600	-0.061100	-0.021900	-0.051800	-0.010400	-0.038100
  1897	-0.101500	-0.124800	-0.173600	-0.153100	-0.028700	-0.181100	 0.005500	-0.058100	-0.133000	-0.050000	-0.085500	-0.020900
  1898	 0.040200	-0.274500	-0.205600	 0.004000	-0.197900	-0.474100	-0.250000	-0.248500	-0.151900	-0.208700	-0.204900	-0.225700
  1899	-0.064800	-0.000200	 0.163500	-0.140300	-0.230200	-0.196600	-0.162900	-0.145800	-0.208100	-0.126200	-0.043600	-0.007600
  1900	-0.216200	 0.003900	-0.102700	 0.044700	-0.001200	 0.077600	-0.044600	 0.016300	 0.025200	-0.033000	-0.031300	-0.071300
  1901	-0.157900	-0.273700	-0.096300	-0.189600	-0.017900	 0.065100	 0.001000	-0.087900	-0.069700	-0.081300	-0.097700	-0.168600
  1902	-0.008500	-0.202800	-0.232300	-0.243200	-0.009100	-0.123800	-0.232900	-0.202800	-0.219100	-0.232100	-0.216000	-0.164500
  1903	-0.112700	-0.378200	-0.354200	-0.389500	 0.010500	-0.241300	-0.332100	-0.360900	-0.368700	-0.328200	-0.334100	-0.330800
  1904	-0.455000	-0.309600	-0.051600	-0.132900	-0.340900	-0.388200	-0.420100	-0.380100	-0.376300	-0.375200	-0.330800	-0.387300
  1905	-0.217800	-0.233700	-0.051800	-0.095100	-0.469900	-0.312800	-0.330800	-0.220500	-0.176800	-0.160300	-0.167100	-0.158400
  1906	-0.118400	-0.255500	-0.347100	-0.100300	-0.215900	-0.096500	-0.038000	-0.161400	-0.115100	-0.247600	-0.209000	-0.262600
  1907	-0.335900	-0.263000	-0.460300	-0.385200	-0.355900	-0.278600	-0.357800	-0.408900	-0.373000	-0.365300	-0.271800	-0.309700
  1908	-0.318100	-0.438700	-0.434200	-0.341400	-0.313000	-0.537800	-0.436800	-0.331500	-0.357500	-0.331200	-0.346700	-0.331000
  1909	-0.516600	-0.322600	-0.236500	-0.373800	-0.436800	-0.496000	-0.507400	-0.424900	-0.371100	-0.333200	-0.253400	-0.297600
  1910	-0.323200	-0.377800	-0.432300	-0.513500	-0.357300	-0.410800	-0.371400	-0.366700	-0.328400	-0.291500	-0.303800	-0.322900
  1911	-0.456200	-0.257300	-0.201700	-0.173300	-0.484200	-0.546700	-0.452100	-0.419300	-0.386200	-0.361300	-0.329300	-0.283200
  1912	-0.220600	-0.485900	-0.353000	-0.378000	-0.090900	-0.321300	-0.173700	-0.206000	-0.222700	-0.331400	-0.398300	-0.450900
  1913	-0.360700	-0.302600	-0.093800	 0.004600	-0.379400	-0.387300	-0.314800	-0.356600	-0.334800	-0.302800	-0.277900	-0.322200
  1914	 0.155300	-0.066800	-0.126900	-0.076900	-0.090500	-0.159200	-0.224300	-0.121100	-0.186000	-0.195500	-0.166000	-0.096200
  1915	-0.123600	-0.209000	-0.009500	-0.022600	-0.032700	-0.087500	 0.008800	-0.019800	-0.025900	 0.013700	-0.054700	-0.101100
  1916	-0.130900	-0.239100	-0.364700	-0.563800	-0.188200	-0.303800	-0.214300	-0.231700	-0.306100	-0.239100	-0.246300	-0.220400
  1917	-0.381300	-0.356800	-0.195300	-0.546400	-0.427200	-0.420900	-0.343100	-0.374500	-0.295000	-0.177200	-0.223700	-0.179300
  1918	-0.241900	-0.081100	-0.165600	-0.311900	-0.281100	-0.201300	-0.308900	-0.249900	-0.187800	-0.181700	-0.161100	-0.160900
  1919	-0.251700	-0.202600	-0.326400	-0.264300	-0.087600	-0.202700	-0.097600	-0.237500	-0.242800	-0.191300	-0.195000	-0.181100
  1920	-0.055700	-0.210300	-0.263900	-0.403700	-0.172900	-0.005800	-0.172700	-0.102900	-0.155700	-0.125000	-0.166600	-0.177900
  1921	-0.007000	-0.040500	-0.176300	-0.087600	-0.136200	-0.189000	-0.178100	-0.155200	-0.128100	-0.075800	-0.164200	-0.132200
  1922	-0.296200	-0.246200	-0.155200	-0.135400	-0.290700	-0.067100	-0.123600	-0.235300	-0.254100	-0.248400	-0.238900	-0.259600
  1923	-0.188300	-0.118800	 0.026100	 0.014100	-0.350400	-0.217700	-0.308200	-0.227700	-0.171600	-0.256800	-0.249000	-0.221700
  1924	-0.196500	-0.203600	-0.130100	-0.286400	-0.121300	-0.051600	-0.210000	-0.188000	-0.201900	-0.180300	-0.235800	-0.202800
  1925	-0.256900	-0.112500	 0.037000	 0.190500	-0.269600	-0.112800	-0.098500	-0.173600	-0.197600	-0.175000	-0.104700	-0.089100
  1926	 0.175200	-0.017800	-0.024900	-0.133200	 0.111900	 0.135200	-0.051200	-0.104000	-0.098200	-0.131000	-0.047700	-0.048600
  1927	-0.119500	 0.079500	-0.022700	-0.240400	-0.112800	-0.199000	-0.166100	-0.117300	-0.122600	-0.075500	-0.086300	 0.013200
  1928	 0.011900	-0.080900	 0.010200	-0.074500	-0.055700	-0.205300	-0.158500	-0.080500	-0.172600	-0.102500	-0.134900	-0.098400
  1929	-0.384200	-0.042600	-0.024300	-0.415000	-0.457100	-0.204100	-0.191600	-0.206800	-0.221000	-0.233400	-0.138400	-0.142700
  1930	-0.223900	 0.068800	 0.235300	 0.083000	-0.109600	 0.037600	-0.105600	-0.131300	-0.078000	-0.029800	-0.015000	-0.013300
  1931	 0.032300	 0.091800	-0.046500	-0.001000	-0.179800	 0.056900	-0.071700	-0.082900	 0.028900	 0.044700	 0.037900	 0.067000
  1932	 0.214500	 0.036100	-0.089300	-0.114800	-0.072500	-0.050800	 0.079500	-0.061100	-0.069800	-0.072200	-0.113600	 0.013200
  1933	-0.200400	-0.101500	-0.157500	-0.307800	-0.218100	-0.144900	-0.126100	-0.116600	-0.157900	-0.121100	-0.100600	-0.145300
  1934	-0.211000	 0.006900	 0.105200	 0.063500	 0.059700	-0.202000	-0.173300	 0.044500	 0.061700	 0.018300	 0.033800	-0.083100
  1935	-0.184300	 0.073400	-0.168600	-0.060500	 0.264300	-0.041600	-0.186300	-0.117800	-0.087500	-0.040700	-0.028800	-0.008400
  1936	-0.137800	 0.080300	 0.056000	 0.065700	-0.192700	-0.110600	-0.076400	-0.036100	-0.017900	 0.076700	 0.032800	 0.056600
  1937	-0.085400	 0.194800	 0.158000	 0.024500	 0.143900	-0.070900	-0.017500	 0.066500	 0.108800	 0.089800	 0.183700	 0.210000
  1938	 0.098300	 0.197000	 0.161100	-0.108600	 0.081200	 0.177500	 0.138700	 0.083700	 0.042700	 0.077200	 0.102700	 0.141700
  1939	 0.007900	 0.030300	 0.076400	 0.457300	-0.008400	-0.099700	-0.030200	 0.092300	 0.093000	 0.105800	 0.129700	 0.059200
  1940	-0.041700	 0.099300	 0.091500	 0.222200	 0.137400	 0.155200	 0.176200	 0.074700	 0.113600	 0.152000	 0.084900	 0.159800
  1941	 0.140900	 0.225600	 0.114600	 0.050500	 0.222600	 0.099500	 0.185000	 0.179400	 0.153300	 0.179400	 0.131400	 0.002800
  1942	 0.364300	 0.081600	 0.123200	 0.115300	 0.119700	 0.156600	 0.148700	 0.163100	 0.166100	 0.049900	-0.007300	 0.029100
  1943	-0.059300	 0.244400	 0.183100	 0.279400	 0.160500	-0.018000	 0.153200	 0.160400	 0.022500	 0.130100	 0.068700	 0.090900
  1944	 0.287600	 0.237400	 0.096700	-0.005400	 0.188100	 0.258200	 0.192900	 0.248400	 0.275000	 0.266500	 0.216900	 0.309300
  1945	 0.054400	 0.151100	 0.095300	-0.087900	-0.097600	-0.002500	 0.135200	 0.049400	 0.067600	 0.056400	 0.248400	 0.154800
  1946	 0.163200	-0.005000	-0.002000	-0.250100	 0.099600	-0.052000	 0.084200	-0.066400	-0.113400	-0.067200	-0.080700	-0.023600
  1947	-0.128200	 0.049600	-0.021200	-0.089400	-0.068600	 0.053100	 0.042700	-0.007400	 0.036800	-0.031900	-0.070200	-0.093500
  1948	 0.131300	-0.088200	-0.071600	-0.093200	-0.060600	-0.139500	-0.032400	 0.096800	-0.008000	-0.052900	-0.036800	-0.125400
  1949	 0.129800	-0.049900	-0.047800	-0.203500	-0.134900	-0.081100	-0.009700	-0.029500	-0.153900	-0.107000	-0.028500	-0.085000
  1950	-0.324600	-0.151500	-0.344800	-0.171100	-0.227500	-0.072600	-0.139600	-0.031900	-0.057800	-0.117700	-0.135600	-0.075700
  1951	-0.280600	 0.114300	 0.031300	 0.201800	-0.409700	-0.169400	-0.090000	 0.059700	 0.043800	 0.103900	 0.114900	 0.142300
  1952	 0.148500	-0.008100	-0.181000	-0.002200	 0.072500	-0.034300	 0.094500	 0.046500	 0.065900	 0.066700	 0.057300	 0.089900
  1953	 0.105700	 0.090400	-0.041500	 0.084200	 0.192700	 0.184600	 0.197500	 0.140300	 0.126400	 0.078300	 0.088900	 0.079800
  1954	-0.206700	-0.049500	 0.039800	-0.175000	-0.093600	-0.089400	-0.170200	-0.193300	-0.100500	-0.128500	-0.089200	-0.044300
  1955	 0.119000	-0.125400	-0.227800	-0.253300	-0.117400	-0.290700	-0.206200	-0.140100	-0.104200	-0.095100	-0.022600	-0.086000
  1956	-0.195500	-0.165400	-0.168100	-0.151100	-0.280700	-0.177300	-0.238800	-0.189400	-0.110800	-0.124600	-0.184700	-0.223300
  1957	-0.109300	 0.057700	 0.126600	 0.298100	-0.090200	-0.096000	-0.056000	 0.088600	 0.196700	 0.007800	 0.197800	 0.100200
  1958	 0.335900	 0.035800	 0.081800	 0.092100	 0.299400	 0.100500	 0.052600	 0.141700	-0.050900	 0.059200	-0.020700	-0.011800
  1959	 0.072200	-0.045800	-0.120700	-0.034900	 0.094800	 0.207600	 0.185900	 0.037900	 0.070000	 0.068400	 0.022800	 0.073100
  1960	-0.059300	 0.054000	-0.095900	 0.201200	 0.133500	-0.283600	-0.078800	-0.074100	 0.078800	 0.021500	-0.032900	 0.113100
  1961	 0.091800	-0.074700	 0.033700	-0.033100	 0.161400	 0.113200	 0.113100	 0.117000	 0.171000	 0.044900	 0.080300	 0.066500
  1962	 0.109400	 0.089100	 0.102700	 0.095900	 0.121400	 0.107500	 0.017300	 0.074700	 0.037300	 0.075000	 0.085500	 0.026400
  1963	 0.049200	 0.259400	 0.209900	 0.107000	 0.274000	-0.021100	-0.024000	 0.035800	 0.131100	 0.111700	 0.228800	 0.216400
  1964	 0.016700	-0.265600	-0.159000	-0.246000	-0.144000	-0.120200	-0.202200	-0.088900	-0.020300	-0.043700	-0.172000	-0.218800
  1965	-0.071500	 0.036400	-0.066300	 0.031200	-0.182400	-0.095400	-0.143200	-0.095500	 0.003700	-0.070500	-0.003800	-0.111600
  1966	-0.064800	-0.035700	-0.023100	-0.112800	-0.023100	 0.043200	-0.061900	-0.085100	 0.051600	 0.059800	-0.047300	 0.071000
  1967	-0.068100	 0.080900	-0.028400	-0.016900	-0.118500	 0.003600	 0.001000	 0.163000	-0.031800	-0.021200	 0.010700	-0.032200
  1968	-0.182400	 0.102500	 0.020200	-0.058000	-0.059100	 0.202600	-0.001500	-0.109200	-0.090600	-0.051600	-0.061400	-0.078700
  1969	-0.165300	 0.109900	 0.165500	 0.238100	-0.150600	 0.105400	 0.160800	 0.153400	 0.053400	 0.050900	 0.081900	 0.122900
  1970	 0.126500	-0.013400	 0.000600	-0.062900	 0.220700	 0.080400	 0.137800	 0.003900	 0.050200	-0.003700	-0.000300	 0.045700
  1971	 0.045200	-0.035700	 0.063800	 0.013300	-0.155600	-0.146600	-0.028500	-0.029200	-0.170200	-0.096000	-0.057000	-0.086000
  1972	-0.266600	 0.153600	 0.094700	 0.223500	-0.162800	-0.050900	 0.020400	-0.022600	 0.081600	 0.055900	 0.184600	 0.024900
  1973	 0.245000	 0.054600	 0.064400	 0.013400	 0.290700	 0.265100	 0.206100	 0.228700	 0.142100	 0.101700	 0.014700	 0.072600
  1974	-0.208800	-0.102500	-0.060200	-0.084600	-0.288300	-0.068100	-0.061100	-0.050000	-0.064200	-0.018700	 0.057300	-0.048100
  1975	 0.071100	-0.124000	-0.158000	-0.120900	 0.007700	 0.103500	 0.019300	 0.108500	-0.058300	-0.058800	-0.119400	-0.026900
  1976	-0.064500	-0.209900	-0.066800	 0.080000	-0.172500	-0.289700	-0.103900	-0.163000	-0.090600	-0.114500	-0.176600	-0.046300
  1977	 0.021500	-0.027500	 0.156500	 0.040600	 0.114800	 0.215100	 0.197900	 0.248100	 0.236000	 0.173500	 0.071800	 0.050200
  1978	 0.056200	 0.045500	 0.132900	 0.066700	 0.083100	 0.132400	 0.205500	 0.047200	 0.007900	 0.017100	-0.099800	 0.002500
  1979	 0.070600	 0.169400	 0.198400	 0.406400	 0.011400	 0.180700	 0.100700	 0.003300	 0.154100	 0.015700	 0.101100	 0.223800
  1980	 0.217200	 0.098300	 0.337900	 0.240600	 0.264200	 0.166100	 0.244500	 0.290400	 0.190500	 0.160400	 0.085900	 0.130500
  1981	 0.434900	 0.016300	 0.092600	 0.348600	 0.298500	 0.360200	 0.266900	 0.275500	 0.214700	 0.232600	 0.255000	 0.075900
  1982	 0.067800	 0.147900	 0.198900	 0.362600	 0.055300	-0.047100	 0.162100	 0.140000	 0.055900	 0.159900	 0.043300	 0.095800
  1983	 0.389400	 0.073200	 0.310300	 0.153800	 0.353500	 0.307900	 0.246000	 0.265000	 0.128800	 0.123500	 0.254800	 0.264200
  1984	 0.194200	 0.029900	 0.027400	-0.094300	 0.051900	 0.207600	 0.030300	 0.243800	-0.030100	 0.157200	 0.111900	 0.129400
  1985	 0.124800	 0.065800	 0.014100	 0.051300	-0.103600	 0.118500	 0.106500	 0.087800	 0.150500	-0.006200	 0.097000	 0.012300
  1986	 0.201100	 0.083900	 0.015900	 0.102800	 0.278400	 0.237000	 0.154500	 0.116300	 0.086500	 0.104200	 0.119900	 0.045500
  1987	 0.172500	 0.216700	 0.215100	 0.421300	 0.384000	 0.215400	 0.208300	 0.239700	 0.244800	 0.315300	 0.147000	 0.311100
  1988	 0.444200	 0.300100	 0.153500	 0.226200	 0.240900	 0.479900	 0.353900	 0.258600	 0.354900	 0.239500	 0.294700	 0.310100
  1989	 0.097100	 0.180900	 0.162800	 0.347700	 0.204400	 0.221800	 0.126700	 0.097100	 0.109200	 0.240100	 0.292500	 0.250100
  1990	 0.272900	 0.383200	 0.441700	 0.371300	 0.320400	 0.620400	 0.406200	 0.300600	 0.352400	 0.336300	 0.260500	 0.303100
  1991	 0.361500	 0.250800	 0.232000	 0.226600	 0.388700	 0.273600	 0.411000	 0.337900	 0.399000	 0.365800	 0.308700	 0.291600
  1992	 0.376000	 0.034900	-0.003200	 0.235600	 0.331900	 0.288700	 0.298100	 0.228900	 0.265100	 0.078800	 0.054000	 0.006700
  1993	 0.320800	 0.187400	 0.062700	 0.163800	 0.325300	 0.366600	 0.225800	 0.251500	 0.147300	 0.190200	 0.053600	 0.115400
  1994	 0.215800	 0.385100	 0.379900	 0.359900	-0.000300	 0.308300	 0.294000	 0.312200	 0.294600	 0.253100	 0.242200	 0.265000
  1995	 0.483900	 0.360500	 0.373800	 0.281700	 0.648900	 0.407900	 0.337200	 0.216400	 0.412300	 0.373900	 0.440500	 0.328700
  1996	 0.191400	 0.193400	 0.220900	 0.313400	 0.365800	 0.260400	 0.214400	 0.304700	 0.281100	 0.258100	 0.245600	 0.225900
  1997	 0.295200	 0.589700	 0.499200	 0.578700	 0.359300	 0.409900	 0.405300	 0.379100	 0.482100	 0.461900	 0.485900	 0.580400
  1998	 0.542900	 0.426100	 0.349600	 0.508400	 0.817700	 0.580100	 0.695900	 0.615600	 0.594400	 0.668400	 0.644700	 0.477600
  1999	 0.456800	 0.347400	 0.319700	 0.541300	 0.632200	 0.294900	 0.415100	 0.337700	 0.350800	 0.361200	 0.336600	 0.330600
  2000	 0.268500	 0.240800	 0.176200	 0.216500	 0.471800	 0.470200	 0.590400	 0.417500	 0.348900	 0.347400	 0.413500	 0.388000
  2001	 0.409300	 0.431500	 0.661300	 0.445500	 0.337400	 0.597200	 0.512700	 0.544400	 0.512600	 0.493400	 0.531900	 0.442600
  2002	 0.704300	 0.447600	 0.561500	 0.416100	 0.748600	 0.743800	 0.509300	 0.507800	 0.541700	 0.524400	 0.474500	 0.504200
  2003	 0.643600	 0.686800	 0.518300	 0.700700	 0.531900	 0.517800	 0.472300	 0.519200	 0.498300	 0.479000	 0.548200	 0.565600
  2004	 0.560600	 0.553000	 0.725600	 0.492400	 0.678500	 0.633900	 0.563100	 0.411700	 0.423600	 0.427300	 0.450200	 0.483100
  2005	 0.602200	 0.614000	 0.661600	 0.539500	 0.446700	 0.669700	 0.684300	 0.608000	 0.647600	 0.615100	 0.548600	 0.636300
  2006	 0.352400	 0.556400	    0	    0	 0.526800	 0.541800	 0.453800	 0.486600	 0.579100	 0.555200	 0.553800	 0.567300
